199495.544821 149531.436327 149825.474023 149519.681079 149178.973250 149361.614455 149271.869693 149322.279776 149977.826914 149593.951659 
149531.436327 200313.449372 150311.076833 149675.843132 149687.759424 149642.925612 149642.969687 149905.055232 149930.262267 149903.078063 
149825.474023 150311.076833 200508.317307 149729.251897 149851.420821 150254.905897 150037.291453 150021.594843 150628.733916 150179.814897 
149519.681079 149675.843132 149729.251897 199159.618083 149233.433634 149412.328937 149214.330025 149217.744212 149736.658626 149350.999576 
149178.973250 149687.759424 149851.420821 149233.433634 199186.502612 149297.849145 149690.100069 149202.069794 149845.450428 149671.400686 
149361.614455 149642.925612 150254.905897 149412.328937 149297.849145 199135.877563 149419.964950 149326.384077 149560.944470 149531.157089 
149271.869693 149642.969687 150037.291453 149214.330025 149690.100069 149419.964950 199300.828861 149527.162715 149767.603291 149960.209303 
149322.279776 149905.055232 150021.594843 149217.744212 149202.069794 149326.384077 149527.162715 199370.622387 149878.211454 149821.885838 
149977.826914 149930.262267 150628.733916 149736.658626 149845.450428 149560.944470 149767.603291 149878.211454 199978.376532 149885.134558 
149593.951659 149903.078063 150179.814897 149350.999576 149671.400686 149531.157089 149960.209303 149821.885838 149885.134558 199608.215616 
